
p =

    14
     9
     8
     7
     5
     2
     1

 
Calling Mosek 9.1.9: 931 variables, 609 equality constraints
------------------------------------------------------------
NOTE: custom settings have been set for this solver.
------------------------------------------------------------

MOSEK Version 9.1.9 (Build date: 2019-11-21 11:32:15)
Copyright (c) MOSEK ApS, Denmark. WWW: mosek.com
Platform: MACOSX/64-X86

Problem
  Name                   :                 
  Objective sense        : min             
  Type                   : CONIC (conic optimization problem)
  Constraints            : 609             
  Cones                  : 14              
  Scalar variables       : 931             
  Matrix variables       : 0               
  Integer variables      : 308             

Optimizer started.
Mixed integer optimizer started.
Threads used: 12
Presolve started.
Presolve terminated. Time = 0.01
Presolved problem: 322 variables, 354 constraints, 968 non-zeros
Presolved problem: 134 general integer, 174 binary, 14 continuous
Clique table size: 175
BRANCHES RELAXS   ACT_NDS  DEPTH    BEST_INT_OBJ         BEST_RELAX_OBJ       REL_GAP(%)  TIME  
0        0        1        0        0.0000000000e+00     NA                   NA          0.0   
0        1        1        0        0.0000000000e+00     -4.6077598365e+03    4.61e+15    0.0   
0        1        1        0        -2.0699171442e+03    -4.6077598365e+03    122.61      0.0   
0        1        1        0        -3.9079490000e+03    -4.6077598365e+03    17.91       0.0   
Cut generation started.
0        1        1        0        -3.9079490000e+03    -4.6077598365e+03    17.91       0.1   
Cut generation terminated. Time = 0.00
0        3        1        0        -3.9289490000e+03    -4.6062947100e+03    17.24       0.1   
0        3        1        0        -4.0009490000e+03    -4.6062947100e+03    15.13       0.1   
11       15       12       3        -4.0009490000e+03    -4.6057064968e+03    15.12       0.1   
28       32       29       5        -4.0009490000e+03    -4.6057064968e+03    15.12       0.2   
44       48       45       7        -4.0009490000e+03    -4.6057064968e+03    15.12       0.2   
80       84       81       10       -4.0009490000e+03    -4.6057064968e+03    15.12       0.2   
152      156      153      16       -4.0009490000e+03    -4.6057064968e+03    15.12       0.2   
296      300      297      28       -4.0009490000e+03    -4.6057064968e+03    15.12       0.3   
584      583      547      7        -4.4362880000e+03    -4.6055852358e+03    3.82        0.4   
923      914      870      21       -4.4362880000e+03    -4.6048219532e+03    3.80        0.5   
1252     1239     1169     27       -4.4362880000e+03    -4.6042408331e+03    3.79        0.7   
1554     1539     1439     10       -4.5332800000e+03    -4.5956904837e+03    1.38        0.8   
1887     1870     1732     16       -4.5332800000e+03    -4.5927969023e+03    1.31        1.0   
2224     2202     1973     19       -4.5332800000e+03    -4.5914514878e+03    1.28        1.1   
2561     2533     2196     30       -4.5332900001e+03    -4.5905738720e+03    1.26        1.2   
2897     2859     2408     36       -4.5332900001e+03    -4.5898685107e+03    1.25        1.4   
3246     3199     2615     40       -4.5332900001e+03    -4.5878231893e+03    1.20        1.5   
3592     3541     2807     13       -4.5332900001e+03    -4.5875718353e+03    1.20        1.6   
3951     3890     2924     34       -4.5332900001e+03    -4.5868630979e+03    1.18        1.7   
4303     4232     3044     26       -4.5408700202e+03    -4.5860757062e+03    1.00        1.8   
4665     4567     3128     30       -4.5418700095e+03    -4.5853563101e+03    0.96        1.9   
5016     4903     3219     33       -4.5418700095e+03    -4.5847053088e+03    0.94        2.0   
5369     5234     3296     42       -4.5418700095e+03    -4.5845125952e+03    0.94        2.1   
5729     5565     3370     18       -4.5418700095e+03    -4.5845123080e+03    0.94        2.2   
6077     5900     3468     19       -4.5418700095e+03    -4.5841584882e+03    0.93        2.3   
6423     6238     3612     15       -4.5420800000e+03    -4.5837289220e+03    0.92        2.5   
6770     6577     3719     34       -4.5420800000e+03    -4.5836603456e+03    0.92        2.6   
7123     6911     3816     17       -4.5441799448e+03    -4.5830632780e+03    0.86        2.7   
7477     7245     3942     26       -4.5528699213e+03    -4.5828127996e+03    0.66        2.8   
7846     7577     4001     33       -4.5528699213e+03    -4.5823384232e+03    0.65        2.9   
8188     7908     4067     17       -4.5528699213e+03    -4.5818968132e+03    0.64        3.0   
8516     8226     4119     16       -4.5539700198e+03    -4.5816724371e+03    0.61        3.1   
8860     8554     4173     16       -4.5539700198e+03    -4.5814889190e+03    0.60        3.2   
9199     8886     4230     38       -4.5539700198e+03    -4.5812678954e+03    0.60        3.3   
9530     9214     4293     32       -4.5539700198e+03    -4.5811734737e+03    0.60        3.4   
9864     9545     4395     8        -4.5539700198e+03    -4.5808266452e+03    0.59        3.5   
10197    9874     4446     35       -4.5539700198e+03    -4.5805084326e+03    0.58        3.7   
10532    10205    4523     13       -4.5539700198e+03    -4.5804131204e+03    0.58        3.8   
10869    10537    4594     18       -4.5539700198e+03    -4.5802143036e+03    0.58        3.9   
11203    10869    4664     14       -4.5539700198e+03    -4.5800379146e+03    0.57        4.0   
11536    11201    4747     33       -4.5539700198e+03    -4.5799013495e+03    0.57        4.1   
11873    11535    4810     33       -4.5539700198e+03    -4.5797403423e+03    0.57        4.1   
12210    11867    4853     18       -4.5539700198e+03    -4.5794660848e+03    0.56        4.2   
12548    12201    4893     12       -4.5539700198e+03    -4.5793841198e+03    0.56        4.3   
12895    12540    4934     12       -4.5539700198e+03    -4.5792106067e+03    0.55        4.4   
13232    12863    4961     18       -4.5551800499e+03    -4.5790204468e+03    0.52        4.5   
13574    13197    4985     33       -4.5551800499e+03    -4.5788194065e+03    0.52        4.6   
13914    13528    5029     12       -4.5551800499e+03    -4.5785313073e+03    0.51        4.7   
14258    13863    5067     33       -4.5551800499e+03    -4.5783972096e+03    0.51        4.8   
14608    14199    5103     16       -4.5551800499e+03    -4.5782410701e+03    0.51        4.9   
14947    14530    5152     16       -4.5551800499e+03    -4.5780845150e+03    0.50        5.0   
15283    14857    5206     21       -4.5551800499e+03    -4.5778089112e+03    0.50        5.2   
15622    15189    5249     11       -4.5551800499e+03    -4.5777130334e+03    0.49        5.3   
15957    15522    5276     13       -4.5551800499e+03    -4.5776420119e+03    0.49        5.4   
16295    15856    5310     15       -4.5551800499e+03    -4.5775211358e+03    0.49        5.5   
16640    16189    5321     16       -4.5551800499e+03    -4.5773795168e+03    0.49        5.6   
16990    16524    5317     10       -4.5551800499e+03    -4.5773183147e+03    0.49        5.7   
17327    16845    5366     13       -4.5551800499e+03    -4.5771422125e+03    0.48        5.8   
17674    17184    5389     39       -4.5551800499e+03    -4.5770571966e+03    0.48        5.9   
18029    17529    5412     33       -4.5551800499e+03    -4.5769407382e+03    0.48        6.0   
18389    17866    5398     13       -4.5551800499e+03    -4.5768262839e+03    0.48        6.1   
18735    18195    5398     15       -4.5551800499e+03    -4.5766867241e+03    0.47        6.2   
19079    18530    5436     30       -4.5551800499e+03    -4.5765912683e+03    0.47        6.3   
19418    18862    5517     32       -4.5551800499e+03    -4.5765012686e+03    0.47        6.4   
