
p =

    14
     7
     8
     6
     2
     3
     1

 
Calling Mosek 9.1.9: 931 variables, 609 equality constraints
------------------------------------------------------------
NOTE: custom settings have been set for this solver.
------------------------------------------------------------

MOSEK Version 9.1.9 (Build date: 2019-11-21 11:32:15)
Copyright (c) MOSEK ApS, Denmark. WWW: mosek.com
Platform: MACOSX/64-X86

Problem
  Name                   :                 
  Objective sense        : min             
  Type                   : CONIC (conic optimization problem)
  Constraints            : 609             
  Cones                  : 14              
  Scalar variables       : 931             
  Matrix variables       : 0               
  Integer variables      : 308             

Optimizer started.
Mixed integer optimizer started.
Threads used: 12
Presolve started.
Presolve terminated. Time = 0.01
Presolved problem: 322 variables, 354 constraints, 968 non-zeros
Presolved problem: 134 general integer, 174 binary, 14 continuous
Clique table size: 175
BRANCHES RELAXS   ACT_NDS  DEPTH    BEST_INT_OBJ         BEST_RELAX_OBJ       REL_GAP(%)  TIME  
0        0        1        0        0.0000000000e+00     NA                   NA          0.0   
0        1        1        0        0.0000000000e+00     -4.0995799622e+03    4.10e+15    0.0   
0        1        1        0        -3.5120000000e+03    -4.0995799622e+03    16.73       0.0   
0        1        1        0        -3.6120000000e+03    -4.0995799622e+03    13.50       0.0   
0        1        1        0        -3.6598531700e+03    -4.0995799622e+03    12.01       0.0   
Cut generation started.
0        1        1        0        -3.6598531700e+03    -4.0995799622e+03    12.01       0.1   
Cut generation terminated. Time = 0.00
8        12       9        2        -3.6598531700e+03    -4.0987708447e+03    11.99       0.1   
20       24       21       5        -3.6598531700e+03    -4.0987708447e+03    11.99       0.1   
41       45       42       7        -3.6598531700e+03    -4.0987708447e+03    11.99       0.2   
77       81       78       10       -3.6598531700e+03    -4.0987708447e+03    11.99       0.2   
149      153      150      16       -3.6598531700e+03    -4.0987708447e+03    11.99       0.2   
293      296      290      5        -3.9960723900e+03    -4.0986300291e+03    2.57        0.3   
581      577      514      26       -4.0499743900e+03    -4.0985409710e+03    1.20        0.4   
930      923      793      29       -4.0609743890e+03    -4.0985046198e+03    0.92        0.5   
1286     1266     1099     22       -4.0609743890e+03    -4.0975857542e+03    0.90        0.6   
1620     1596     1325     17       -4.0709743900e+03    -4.0973654488e+03    0.65        0.7   
1979     1948     1532     20       -4.0709743900e+03    -4.0971485662e+03    0.64        0.9   
2338     2300     1753     33       -4.0709743900e+03    -4.0969032304e+03    0.64        1.0   
2700     2657     1943     11       -4.0752843901e+03    -4.0967055534e+03    0.53        1.1   
3065     3016     2054     41       -4.0801792900e+03    -4.0966371090e+03    0.40        1.2   
3452     3368     2147     13       -4.0819743900e+03    -4.0964022185e+03    0.35        1.3   
3830     3710     2187     17       -4.0819743900e+03    -4.0961880579e+03    0.35        1.4   
4222     4054     2229     21       -4.0819743900e+03    -4.0958973937e+03    0.34        1.5   
4620     4407     2275     33       -4.0852843900e+03    -4.0958550898e+03    0.26        1.6   
5049     4752     2178     10       -4.0852843900e+03    -4.0957104096e+03    0.26        1.7   
5532     5093     2059     23       -4.0852843900e+03    -4.0956057098e+03    0.25        1.8   
5936     5434     1995     24       -4.0852843900e+03    -4.0953591180e+03    0.25        1.9   
6308     5783     2007     24       -4.0852843900e+03    -4.0951223495e+03    0.24        2.0   
6691     6128     1998     22       -4.0852843900e+03    -4.0951223404e+03    0.24        2.1   
7054     6476     2009     31       -4.0852843900e+03    -4.0951223404e+03    0.24        2.2   
7422     6825     1993     29       -4.0852843900e+03    -4.0949528448e+03    0.24        2.3   
7781     7178     2020     26       -4.0852843900e+03    -4.0949528448e+03    0.24        2.4   
8131     7522     2026     25       -4.0852843900e+03    -4.0949528200e+03    0.24        2.4   
8471     7858     2030     29       -4.0852843900e+03    -4.0943823428e+03    0.22        2.5   
8830     8207     2035     35       -4.0852843900e+03    -4.0943188003e+03    0.22        2.6   
9176     8548     2045     22       -4.0852843900e+03    -4.0941205617e+03    0.22        2.7   
9563     8895     1996     26       -4.0852843900e+03    -4.0939839891e+03    0.21        2.8   
9931     9240     1972     26       -4.0852843900e+03    -4.0939839053e+03    0.21        2.9   
10289    9588     1978     40       -4.0852843900e+03    -4.0939432465e+03    0.21        3.0   
10642    9935     1977     26       -4.0852843900e+03    -4.0939066453e+03    0.21        3.1   
11010    10285    1957     17       -4.0852843900e+03    -4.0935996686e+03    0.20        3.1   
11382    10634    1935     20       -4.0852843900e+03    -4.0933984012e+03    0.20        3.2   
11758    10985    1907     23       -4.0852843900e+03    -4.0932262260e+03    0.19        3.3   
12119    11337    1902     29       -4.0852843900e+03    -4.0931949586e+03    0.19        3.4   
12474    11692    1927     23       -4.0852843900e+03    -4.0929252474e+03    0.19        3.4   
12831    12036    1898     17       -4.0852843900e+03    -4.0928406065e+03    0.18        3.5   
13213    12394    1872     27       -4.0852843900e+03    -4.0928406065e+03    0.18        3.6   
13585    12756    1838     34       -4.0852843900e+03    -4.0926834935e+03    0.18        3.7   
13979    13112    1780     19       -4.0852843900e+03    -4.0924330591e+03    0.17        3.7   
14355    13470    1776     13       -4.0852843900e+03    -4.0923405895e+03    0.17        3.8   
14717    13819    1762     28       -4.0852843900e+03    -4.0922148272e+03    0.17        3.9   
15080    14172    1747     43       -4.0852843900e+03    -4.0922148272e+03    0.17        4.0   
15453    14522    1706     19       -4.0852843900e+03    -4.0921425385e+03    0.17        4.1   
15816    14873    1683     26       -4.0852843900e+03    -4.0920648735e+03    0.17        4.1   
16198    15227    1631     17       -4.0852843900e+03    -4.0918330649e+03    0.16        4.2   
16589    15580    1548     29       -4.0852843900e+03    -4.0916831819e+03    0.16        4.3   
17007    15932    1438     23       -4.0852843900e+03    -4.0916831752e+03    0.16        4.4   
17405    16289    1374     29       -4.0852843900e+03    -4.0913946858e+03    0.15        4.4   
17782    16632    1301     26       -4.0852843900e+03    -4.0912083218e+03    0.15        4.5   
18173    16997    1264     27       -4.0852843900e+03    -4.0910640054e+03    0.14        4.6   
18560    17358    1199     25       -4.0852843900e+03    -4.0910015227e+03    0.14        4.6   
18943    17714    1138     33       -4.0852843900e+03    -4.0910014697e+03    0.14        4.7   
19308    18071    1119     35       -4.0852843900e+03    -4.0910014593e+03    0.14        4.8   
19673    18430    1100     35       -4.0852843900e+03    -4.0908955375e+03    0.14        4.8   
20078    18786    999      29       -4.0852843900e+03    -4.0908955054e+03    0.14        4.9   
20464    19144    911      33       -4.0852843900e+03    -4.0906734693e+03    0.13        5.0   
20839    19501    834      25       -4.0852843900e+03    -4.0902083224e+03    0.12        5.0   
21216    19857    765      20       -4.0852843900e+03    -4.0900015252e+03    0.12        5.1   
21621    20207    640      32       -4.0852843900e+03    -4.0900015028e+03    0.12        5.2   
