
p =

    17
    13
     6
     5
     3
     1
     1

 
Calling Mosek 9.1.9: 931 variables, 609 equality constraints
------------------------------------------------------------
NOTE: custom settings have been set for this solver.
------------------------------------------------------------

MOSEK Version 9.1.9 (Build date: 2019-11-21 11:32:15)
Copyright (c) MOSEK ApS, Denmark. WWW: mosek.com
Platform: MACOSX/64-X86

Problem
  Name                   :                 
  Objective sense        : min             
  Type                   : CONIC (conic optimization problem)
  Constraints            : 609             
  Cones                  : 14              
  Scalar variables       : 931             
  Matrix variables       : 0               
  Integer variables      : 308             

Optimizer started.
Mixed integer optimizer started.
Threads used: 12
Presolve started.
Presolve terminated. Time = 0.01
Presolved problem: 322 variables, 354 constraints, 968 non-zeros
Presolved problem: 130 general integer, 178 binary, 14 continuous
Clique table size: 180
BRANCHES RELAXS   ACT_NDS  DEPTH    BEST_INT_OBJ         BEST_RELAX_OBJ       REL_GAP(%)  TIME  
0        0        1        0        0.0000000000e+00     NA                   NA          0.0   
0        1        1        0        0.0000000000e+00     -4.5605143616e+03    4.56e+15    0.0   
0        1        1        0        -3.8424000000e+03    -4.5605143616e+03    18.69       0.0   
0        1        1        0        -3.9404000000e+03    -4.5605143616e+03    15.74       0.0   
Cut generation started.
0        1        1        0        -3.9404000000e+03    -4.5605143616e+03    15.74       0.1   
Cut generation terminated. Time = 0.00
0        3        1        0        -4.4434000000e+03    -4.5593332279e+03    2.61        0.1   
11       15       12       3        -4.4434000000e+03    -4.5593200447e+03    2.61        0.1   
26       30       27       4        -4.4434000000e+03    -4.5593200447e+03    2.61        0.2   
42       46       43       6        -4.4434000000e+03    -4.5593200447e+03    2.61        0.2   
78       82       79       9        -4.4434000000e+03    -4.5593200447e+03    2.61        0.2   
150      154      151      15       -4.4434000000e+03    -4.5593200447e+03    2.61        0.3   
294      298      295      27       -4.4434000000e+03    -4.5593200447e+03    2.61        0.3   
582      579      515      15       -4.4872180000e+03    -4.5591113254e+03    1.60        0.4   
931      921      830      11       -4.5231900000e+03    -4.5584786891e+03    0.78        0.5   
1329     1279     988      19       -4.5555000029e+03    -4.5579180685e+03    0.05        0.6   
1710     1608     897      23       -4.5565000002e+03    -4.5573333440e+03    0.02        0.7   
2479     1846     296      26       -4.5565000002e+03    -4.5569632125e+03    0.01        0.8   
2767     1864     16       34       -4.5565000002e+03    -4.5565000002e+03    0.00e+00    0.8   
An optimal solution satisfying the relative gap tolerance of 1.00e-02(%) has been located.
The relative gap is 0.00e+00(%).
An optimal solution satisfying the absolute gap tolerance of 0.00e+00 has been located.
The absolute gap is 0.00e+00.

Objective of best integer solution : -4.556500000187e+03     
Best objective bound               : -4.556500000187e+03     
Construct solution objective       : Not employed
User objective cut value           : Not employed
Number of cuts generated           : 10
  Number of CMIR cuts              : 8
  Number of clique cuts            : 2
Number of branches                 : 2767
Number of relaxations solved       : 1864
Number of interior point iterations: 26812
Number of simplex iterations       : 0
Time spend presolving the root     : 0.01
Time spend optimizing the root     : 0.01
Mixed integer optimizer terminated. Time: 0.79

Optimizer terminated. Time: 0.80    


Integer solution solution summary
  Problem status  : PRIMAL_FEASIBLE
  Solution status : INTEGER_OPTIMAL
  Primal.  obj: -4.5565000002e+03   nrm: 7e+01    Viol.  con: 0e+00    var: 3e-07    cones: 0e+00    itg: 9e-10  
Optimizer summary
  Optimizer                 -                        time: 0.80    
    Interior-point          - iterations : 0         time: 0.00    
      Basis identification  -                        time: 0.00    
        Primal              - iterations : 0         time: 0.00    
        Dual                - iterations : 0         time: 0.00    
        Clean primal        - iterations : 0         time: 0.00    
        Clean dual          - iterations : 0         time: 0.00    
    Simplex                 -                        time: 0.00    
      Primal simplex        - iterations : 0         time: 0.00    
      Dual simplex          - iterations : 0         time: 0.00    
    Mixed integer           - relaxations: 1864      time: 0.79    

------------------------------------------------------------
Status: Solved
Optimal value (cvx_optval): -4556.5
 

betta =

   (1,1)       1.0000
   (2,1)       1.0000
   (1,2)       1.0000
   (2,2)       1.0000
   (1,3)       1.0000
   (3,3)       1.0000
   (2,4)       1.0000
   (7,4)       1.0000
   (3,5)       1.0000
   (4,5)       1.0000
   (5,5)       1.0000
   (2,6)       1.0000
   (4,6)       1.0000
   (2,7)       1.0000
   (3,7)       1.0000
   (5,7)       1.0000
   (1,8)       1.0000
   (2,8)       1.0000
   (1,9)       1.0000
   (2,9)       1.0000
   (5,9)       1.0000
   (1,10)      1.0000
   (2,10)      1.0000
   (3,10)      1.0000
   (2,11)      0.0000
   (2,12)      1.0000
   (4,12)      1.0000
   (3,13)      1.0000
   (6,13)      1.0000
   (2,14)      1.0000
   (4,14)      1.0000


f =

   (1,1)       4.0000
   (2,1)       2.0000
   (1,2)       3.0000
   (2,2)       3.0000
   (1,3)       4.0000
   (2,3)       0.0000
   (3,3)       2.0000
   (2,4)       1.0000
   (7,4)       1.0000
   (3,5)       1.0000
   (4,5)       1.0000
   (5,5)       1.0000
   (2,6)       1.0000
   (4,6)       2.0000
   (2,7)       1.0000
   (3,7)       1.0000
   (5,7)       1.0000
   (1,8)       2.0000
   (2,8)       1.0000
   (1,9)       2.0000
   (2,9)       1.0000
   (5,9)       1.0000
   (1,10)      2.0000
   (2,10)      1.0000
   (3,10)      1.0000
   (2,11)      0.0000
   (2,12)      1.0000
   (4,12)      1.0000
   (3,13)      1.0000
   (6,13)      1.0000
   (2,14)      1.0000
   (4,14)      1.0000

     1

   (1,1)       17

     2

   (1,1)      13.0000

     3

   (1,1)        6

     4

   (1,1)        5

     5

   (1,1)        3

     6

   (1,1)        1

     7

   (1,1)        1


cvx_optval =

  -4.5565e+03


cvx_cputime =

    7.1300

Elapsed time is 1.723141 seconds.
